Cruise_Number: IML2018051
Original_Filename: iml2018051001.cnv
Latitude: 48.75017
Longitude: -64.08133
GMT_Time: 14-OCT-2018 18:30:42.00
Event_Comments: Station 8.7
Quality_Comments: QCFF values are derived from tests of GTSPP stage 2
Quality_Comments: A quality flag modified by hand has a QCFF value of 1
Quality_Comments: Mean(AutoSAL-CTD) = 0.017092 ±0.0096407 (58 data)
Quality_Comments: O2 sensor calibrated with Winkler titrations (n=77, r2=0.998); orig Soc=0.33043, voffset=-0.4404
Quality_Comments: pH calibration to come
   CNTR_01    PRES_01 Q    TE90_01 Q    CNDC_01    OXV__01    PHPH_01 Q    FLOR_01    TRB__01    PSAR_01    SPAR_01    ALT__01    DPDT_01    DEPH_01 Q    PSAL_01 Q    SIGT_01 Q    DOXY_01 Q    OSAT_01 QCFF_01 
    (none)   decibars    degrees C       mhos/m      volts  NBS scale      mg/m**3        NTU    uE/s/m²    uE/s/m²          m metres/sec     metres          psu      kg/m**3         ml/l            %   
      5396      1.500 1     7.2927 1   3.017578     3.6179      8.262 1     0.4663      1.023   1490.900   4622.900   4.990000     -0.058      1.487 1    29.1812 1    22.8017 1      6.959 1   99.88100 0 
      5467      2.000 1     7.2921 1   3.017576     3.6133      8.262 1     0.4247      1.027   1407.000   4625.500  11.410000      0.159      1.983 1    29.1815 1    22.8020 1      6.954 1   99.80600 0 
      5491      2.500 1     7.2922 1   3.017616     3.6112      8.261 1     0.4256      1.031   1178.600   4624.900  35.400000      0.365      2.479 1    29.1815 1    22.8020 1      6.961 1   99.90900 0 
      5509      3.000 1     7.2921 1   3.017629     3.6096      8.261 1     0.4273      1.034    956.400   4624.600  39.110000      0.541      2.975 1    29.1816 1    22.8021 1      6.963 1   99.94200 0 
      5528      3.500 1     7.2922 1   3.017655     3.6088      8.260 1     0.4380      1.035    755.870   4625.400  46.650000      0.639      3.470 1    29.1816 1    22.8021 1      6.964 1   99.95400 0 
      5547      4.000 1     7.2929 1   3.017745     3.6091      8.261 1     0.4561      1.038    628.170   4625.800  70.610000      0.635      3.966 1    29.1817 1    22.8021 1      6.966 1   99.98700 0 
      5565      4.500 1     7.2931 1   3.017786     3.6096      8.260 1     0.4623      1.040    550.450   4626.000  71.230000      0.640      4.462 1    29.1817 1    22.8021 1      6.968 1  100.02100 0 
      5582      5.000 1     7.2928 1   3.017788     3.6098      8.260 1     0.4602      1.041    493.920   4625.900  52.440000      0.676      4.958 1    29.1819 1    22.8022 1      6.969 1  100.02600 0 
      5599      5.500 1     7.2944 1   3.017934     3.6102      8.260 1     0.4612      1.037    434.220   4625.600  36.760000      0.695      5.453 1    29.1819 1    22.8020 1      6.968 1  100.02100 0 
      5617      6.000 1     7.2956 1   3.018047     3.6108      8.259 1     0.4734      1.033    359.200   4625.100  46.650000      0.689      5.949 1    29.1818 1    22.8018 1      6.969 1  100.03100 0 
      5634      6.500 1     7.2955 1   3.018065     3.6114      8.259 1     0.5090      1.030    299.650   4625.100  63.940000      0.682      6.445 1    29.1819 1    22.8018 1      6.971 1  100.06600 0 
      5651      7.000 1     7.2948 1   3.018033     3.6116      8.259 1     0.5385      1.030    260.260   4625.500  73.660000      0.696      6.941 1    29.1819 1    22.8020 1      6.973 1  100.09600 0 
      5667      7.500 1     7.2935 1   3.017956     3.6116      8.259 1     0.5583      1.030    223.030   4625.600  75.820000      0.721      7.436 1    29.1819 1    22.8022 1      6.973 1  100.08800 0 
      5684      8.000 1     7.2925 1   3.017901     3.6117      8.259 1     0.5771      1.031    188.500   4625.500  75.990000      0.734      7.932 1    29.1820 1    22.8023 1      6.971 1  100.05200 0 
      5701      8.500 1     7.2923 1   3.017898     3.6121      8.259 1     0.5952      1.031    159.740   4625.500  75.490000      0.723      8.428 1    29.1820 1    22.8024 1      6.970 1  100.04300 0 
      5718      9.000 1     7.2922 1   3.017910     3.6126      8.259 1     0.6072      1.030    147.360   4624.800  75.120000      0.704      8.924 1    29.1819 1    22.8023 1      6.973 1  100.09000 0 
      5735      9.500 1     7.2922 1   3.017917     3.6125      8.259 1     0.6183      1.028    140.140   4623.700  74.820000      0.704      9.419 1    29.1818 1    22.8022 1      6.977 1  100.14300 0 
      5750     10.000 1     7.2922 1   3.017889     3.6121      8.259 1     0.6342      1.030    128.170   4623.400  74.470000      0.732      9.915 1    29.1813 1    22.8018 1      6.978 1  100.15000 0 
      5764     10.500 1     7.2913 1   3.017758     3.6119      8.259 1     0.6495      1.031    112.710   4624.100  74.070000      0.781     10.411 1    29.1804 1    22.8013 1      6.975 1  100.10700 0 
      5778     11.000 1     7.2894 1   3.017653     3.6121      8.259 1     0.6674      1.033     98.292   4624.800  73.710000      0.828     10.907 1    29.1807 1    22.8017 1      6.971 1  100.05200 0 
      5792     11.500 1     7.2875 1   3.017503     3.6126      8.259 1     0.6777      1.034     89.825   4624.500  73.260000      0.853     11.402 1    29.1805 1    22.8018 1      6.970 1  100.02400 0 
      5806     12.000 1     7.2864 1   3.017454     3.6129      8.259 1     0.6861      1.033     84.167   4624.100  72.720000      0.850     11.898 1    29.1807 1    22.8021 1      6.971 1  100.04000 0 
      5821     12.500 1     7.2860 1   3.017459     3.6127      8.259 1     0.7001      1.031     74.312   4624.400  72.170000      0.828     12.394 1    29.1808 1    22.8022 1      6.973 1  100.07400 0 
      5837     13.000 1     7.2867 1   3.017541     3.6119      8.259 1     0.7093      1.029     65.511   4625.200  71.650000      0.805     12.890 1    29.1809 1    22.8022 1      6.974 1  100.08500 0 
      5852     13.500 1     7.2878 1   3.017650     3.6112      8.258 1     0.6987      1.027     60.991   4625.700  71.100000      0.790     13.385 1    29.1809 1    22.8021 1      6.972 1  100.05400 0 
      5867     14.000 1     7.2892 1   3.017786     3.6109      8.258 1     0.6896      1.026     57.058   4625.900  70.570000      0.784     13.881 1    29.1810 1    22.8020 1      6.968 1   99.99800 0 
      5883     14.500 1     7.2894 1   3.017826     3.6110      8.258 1     0.6871      1.027     52.534   4626.200  70.010000      0.782     14.377 1    29.1810 1    22.8020 1      6.964 1   99.95500 0 
      5898     15.000 1     7.2881 1   3.017741     3.6110      8.258 1     0.6889      1.029     47.820   4626.800  69.510000      0.781     14.873 1    29.1810 1    22.8021 1      6.965 1   99.96200 0 
      5914     15.500 1     7.2876 1   3.017726     3.6105      8.258 1     0.6930      1.032     42.572   4626.400  69.030000      0.778     15.368 1    29.1811 1    22.8022 1      6.971 1  100.04000 0 
      5929     16.000 1     7.2886 1   3.017837     3.6096      8.257 1     0.7007      1.032     37.528   4626.100  68.570000      0.776     15.864 1    29.1812 1    22.8022 1      6.975 1  100.11000 0 
      5944     16.500 1     7.2913 1   3.018077     3.6086      8.257 1     0.7013      1.032     33.736   4626.300  68.150000      0.781     16.360 1    29.1812 1    22.8019 1      6.975 1  100.10800 0 
      5959     17.000 1     7.2906 1   3.018037     3.6080      8.256 1     0.6951      1.030     30.869   4627.000  67.650000      0.797     16.855 1    29.1812 1    22.8019 1      6.972 1  100.06900 0 
      5972     17.500 1     7.2860 1   3.017691     3.6083      8.256 1     0.6890      1.031     28.277   4627.300  67.170000      0.824     17.351 1    29.1812 1    22.8025 1      6.971 1  100.04600 0 
      5986     18.000 1     7.2814 1   3.017347     3.6088      8.256 1     0.6843      1.032     25.722   4627.300  66.730000      0.858     17.847 1    29.1812 1    22.8031 1      6.972 1  100.04400 0 
      5999     18.500 1     7.2789 1   3.017175     3.6090      8.256 1     0.6866      1.032     23.432   4626.900  66.280000      0.891     18.343 1    29.1812 1    22.8035 1      6.972 1  100.03800 0 
      6012     19.000 1     7.2779 1   3.017115     3.6087      8.256 1     0.6908      1.031     21.599   4626.500  65.770000      0.913     18.838 1    29.1812 1    22.8036 1      6.972 1  100.03200 0 
      6025     19.500 1     7.2757 1   3.016961     3.6082      8.255 1     0.6897      1.031     19.972   4626.100  65.260000      0.917     19.334 1    29.1812 1    22.8038 1      6.972 1  100.03000 0 
      6039     20.000 1     7.2731 1   3.016793     3.6079      8.255 1     0.6853      1.032     18.256   4626.100  64.720000      0.899     19.830 1    29.1814 1    22.8043 1      6.973 1  100.03900 0 
      6054     20.500 1     7.2730 1   3.016807     3.6076      8.254 1     0.6787      1.035     16.475   4626.200  64.150000      0.861     20.326 1    29.1814 1    22.8044 1      6.975 1  100.06400 0 
      6070     21.000 1     7.2724 1   3.016802     3.6073      8.254 1     0.6748      1.036     14.942   4626.200  63.650000      0.812     20.821 1    29.1816 1    22.8046 1      6.977 1  100.09900 0 
      6085     21.500 1     7.2716 1   3.016755     3.6070      8.254 1     0.6766      1.032     13.631   4625.700  63.150000      0.774     21.317 1    29.1816 1    22.8047 1      6.979 1  100.12300 0 
      6101     22.000 1     7.2703 1   3.016667     3.6068      8.254 1     0.6815      1.029     12.400   4624.700  62.640000      0.768     21.813 1    29.1816 1    22.8049 1      6.986 1  100.21500 0 
      6115     22.500 1     7.2701 1   3.016681     3.6069      8.254 1     0.6854      1.029     11.308   4624.200  62.120000      0.790     22.308 1    29.1816 1    22.8049 1      7.001 1  100.43500 0 
      6128     23.000 1     7.2714 1   3.016826     3.6071      8.254 1     0.6782      1.030     10.351   4624.300  61.620000      0.830     22.804 1    29.1819 1    22.8050 1      7.011 1  100.58600 0 
      6142     23.500 1     7.2734 1   3.017064     3.6075      8.254 1     0.6701      1.030      9.423   4625.000  61.120000      0.870     23.300 1    29.1826 1    22.8052 1      7.002 1  100.46400 0 
      6155     24.000 1     7.2752 1   3.017419     3.6078      8.254 1     0.6684      1.031      8.494   4625.800  60.640000      0.899     23.796 1    29.1846 1    22.8066 1      6.976 1  100.08500 0 
      6168     24.500 1     7.2821 1   3.018511     3.6096      8.254 1     0.6685      1.033      7.655   4626.700  60.170000      0.910     24.291 1    29.1902 1    22.8101 1      6.949 1   99.72900 0 
      6182     25.000 1     7.3076 1   3.022157     3.6134      8.253 1     0.6682      1.038      6.969   4627.400  59.690000      0.903     24.787 1    29.2074 1    22.8204 1      6.925 1   99.45100 0 
      6196     25.500 1     7.3849 1   3.032862     3.6167      8.251 1     0.6704      1.040      6.437   4627.400  59.220000      0.881     25.283 1    29.2562 1    22.8487 1      6.900 1   99.29200 0 
      6211     26.000 1     7.4979 1   3.047490     3.6183      8.249 1     0.6774      1.035      5.997   4626.900  58.620000      0.852     25.778 1    29.3163 1    22.8811 1      6.880 1   99.30900 0 
      6225     26.500 1     7.5791 1   3.057693     3.6183      8.246 1     0.6875      1.033      5.594   4626.400  58.060000      0.827     26.274 1    29.3559 1    22.9015 1      6.870 1   99.37300 0 
      6240     27.000 1     7.6516 1   3.066866     3.6169      8.244 1     0.7013      1.033      5.203   4626.900  57.570000      0.816     26.770 1    29.3917 1    22.9200 1      6.867 1   99.51200 0 
      6254     27.500 1     7.7046 1   3.073604     3.6142      8.243 1     0.7090      1.031      4.802   4627.800  56.990000      0.822     27.266 1    29.4181 1    22.9337 1      6.867 1   99.65400 0 
      6268     28.000 1     7.7251 1   3.076357     3.6110      8.241 1     0.7147      1.028      4.407   4628.800  56.250000      0.841     27.761 1    29.4297 1    22.9400 1      6.868 1   99.72700 0 
      6281     28.500 1     7.7297 1   3.077145     3.6076      8.240 1     0.7234      1.028      4.041   4629.300  55.670000      0.865     28.257 1    29.4339 1    22.9427 1      6.870 1   99.76700 0 
      6295     29.000 1     7.7299 1   3.077351     3.6049      8.239 1     0.7305      1.029      3.728   4629.100  55.280000      0.883     28.753 1    29.4357 1    22.9441 1      6.871 1   99.79000 0 
      6309     29.500 1     7.7294 1   3.077439     3.6026      8.238 1     0.7244      1.031      3.467   4628.300  54.900000      0.884     29.248 1    29.4369 1    22.9451 1      6.872 1   99.79400 0 
      6323     30.000 1     7.7286 1   3.077518     3.6011      8.238 1     0.7141      1.032      3.223   4627.900  54.480000      0.864     29.744 1    29.4381 1    22.9461 1      6.871 1   99.77600 0 
      6338     30.500 1     7.7282 1   3.077705     3.6000      8.238 1     0.7036      1.033      2.979   4627.600  54.020000      0.831     30.240 1    29.4402 1    22.9479 1      6.869 1   99.75900 0 
      6353     31.000 1     7.7305 1   3.078230     3.5995      8.238 1     0.7008      1.033      2.732   4626.100  53.520000      0.808     30.735 1    29.4437 1    22.9502 1      6.870 1   99.77000 0 
      6368     31.500 1     7.7342 1   3.078926     3.5991      8.237 1     0.7041      1.030      2.503   4619.800  53.030000      0.809     31.231 1    29.4477 1    22.9529 1      6.872 1   99.81700 0 
      6381     32.000 1     7.7383 1   3.079614     3.5987      8.236 1     0.7034      1.028      2.305   4607.700  52.560000      0.831     31.727 1    29.4512 1    22.9551 1      6.875 1   99.86700 0 
      6395     32.500 1     7.7415 1   3.080153     3.5984      8.235 1     0.6994      1.026      2.136   4593.200  52.130000      0.861     32.222 1    29.4540 1    22.9569 1      6.873 1   99.85800 0 
      6408     33.000 1     7.7445 1   3.080659     3.5981      8.235 1     0.6932      1.027      1.985   4579.600  51.700000      0.886     32.718 1    29.4567 1    22.9586 1      6.870 1   99.81200 0 
      6421     33.500 1     7.7476 1   3.081247     3.5981      8.234 1     0.6854      1.029      1.842   4567.900  51.240000      0.899     33.214 1    29.4600 1    22.9608 1      6.868 1   99.79900 0 
      6435     34.000 1     7.7530 1   3.082335     3.5986      8.234 1     0.6772      1.029      1.704   4558.200  50.740000      0.902     33.710 1    29.4668 1    22.9653 1      6.868 1   99.81900 0 
      6449     34.500 1     7.7625 1   3.084313     3.5992      8.233 1     0.6678      1.029      1.570   4550.200  50.190000      0.893     34.205 1    29.4794 1    22.9740 1      6.866 1   99.80800 0 
      6463     35.000 1     7.7686 1   3.085954     3.5991      8.233 1     0.6574      1.029      1.446   4545.900  49.640000      0.873     34.701 1    29.4914 1    22.9826 1      6.854 1   99.65500 0 
      6478     35.500 1     7.7672 1   3.086700     3.5989      8.233 1     0.6511      1.028      1.339   4547.800  49.090000      0.840     35.197 1    29.5003 1    22.9897 1      6.830 1   99.31800 0 
      6493     36.000 1     7.7647 1   3.087523     3.5989      8.233 1     0.6512      1.025      1.245   4551.700  48.600000      0.804     35.692 1    29.5109 1    22.9983 1      6.800 1   98.87800 0 
      6509     36.500 1     7.7726 1   3.089591     3.5984      8.232 1     0.6500      1.024      1.159   4549.500  48.070000      0.777     36.188 1    29.5258 1    23.0090 1      6.767 1   98.42600 0 
      6524     37.000 1     7.7817 1   3.091887     3.5966      8.231 1     0.6436      1.024      1.076   4538.600  47.550000      0.770     36.684 1    29.5422 1    23.0206 1      6.727 1   97.87500 0 
      6539     37.500 1     7.7803 1   3.094328     3.5920      8.230 1     0.6265      1.022      0.995   4520.200  47.030000      0.783     37.179 1    29.5689 1    23.0418 1      6.680 1   97.20300 0 
      6554     38.000 1     7.7463 1   3.095139     3.5855      8.229 1     0.6129      1.020      0.920   4496.200  46.560000      0.807     37.675 1    29.6061 1    23.0756 1      6.635 1   96.50300 0 
      6567     38.500 1     7.6796 1   3.093878     3.5768      8.228 1     0.6087      1.020      0.849   4467.000  46.120000      0.833     38.171 1    29.6492 1    23.1184 1      6.601 1   95.87900 0 
      6581     39.000 1     7.5910 1   3.091690     3.5650      8.228 1     0.6005      1.022      0.781   4435.400  45.650000      0.855     38.666 1    29.7013 1    23.1710 1      6.598 1   95.67400 0 
      6595     39.500 1     7.4330 1   3.085851     3.5502      8.226 1     0.5808      1.025      0.714   4407.400  45.190000      0.872     39.162 1    29.7741 1    23.2492 1      6.628 1   95.81200 0 
      6608     40.000 1     7.2011 1   3.075421     3.5312      8.224 1     0.5578      1.025      0.649   4390.300  44.740000      0.885     39.658 1    29.8620 1    23.3484 1      6.662 1   95.84800 0 
      6622     40.500 1     6.9353 1   3.062135     3.5083      8.222 1     0.5239      1.023      0.587   4387.900  44.240000      0.890     40.153 1    29.9491 1    23.4508 1      6.694 1   95.76400 0 
      6636     41.000 1     6.5740 1   3.043128     3.4851      8.219 1     0.4883      1.021      0.530   4396.300  43.670000      0.883     40.649 1    30.0584 1    23.5818 1      6.717 1   95.35800 0 
      6650     41.500 1     6.1855 1   3.022399     3.4636      8.214 1     0.4448      1.021      0.482   4405.600  43.100000      0.862     41.145 1    30.1738 1    23.7194 1      6.724 1   94.67500 0 
      6666     42.000 1     5.8907 1   3.006270     3.4451      8.208 1     0.4119      1.025      0.444   4407.600  42.580000      0.825     41.640 1    30.2576 1    23.8200 1      6.723 1   94.05800 0 
      6681     42.500 1     5.6821 1   2.994519     3.4305      8.202 1     0.3834      1.030      0.413   4403.100  42.090000      0.786     42.136 1    30.3135 1    23.8878 1      6.721 1   93.59100 0 
      6697     43.000 1     5.5821 1   2.988744     3.4198      8.196 1     0.3553      1.032      0.386   4397.200  41.590000      0.766     42.632 1    30.3386 1    23.9189 1      6.717 1   93.33400 0 
      6712     43.500 1     5.5413 1   2.986211     3.4115      8.192 1     0.3348      1.034      0.359   4392.200  41.060000      0.773     43.127 1    30.3467 1    23.9299 1      6.715 1   93.22100 0 
      6726     44.000 1     5.5175 1   2.984615     3.4048      8.188 1     0.3161      1.036      0.334   4387.300  40.600000      0.796     43.623 1    30.3501 1    23.9351 1      6.718 1   93.21400 0 
      6741     44.500 1     5.4962 1   2.983195     3.3992      8.185 1     0.2993      1.039      0.309   4385.200  40.140000      0.823     44.119 1    30.3531 1    23.9399 1      6.718 1   93.17200 0 
      6755     45.000 1     5.4790 1   2.982115     3.3942      8.182 1     0.2839      1.042      0.286   4395.200  39.640000      0.843     44.614 1    30.3563 1    23.9443 1      6.704 1   92.93900 0 
      6769     45.500 1     5.4577 1   2.980821     3.3895      8.180 1     0.2725      1.044      0.265   4425.500  39.120000      0.849     45.110 1    30.3608 1    23.9502 1      6.676 1   92.49900 0 
      6784     46.000 1     5.4190 1   2.978503     3.3857      8.178 1     0.2653      1.046      0.248   4471.000  38.600000      0.840     45.606 1    30.3695 1    23.9613 1      6.652 1   92.09500 0 
      6799     46.500 1     5.3668 1   2.975564     3.3824      8.176 1     0.2631      1.048      0.232   4516.500  38.060000      0.820     46.101 1    30.3833 1    23.9780 1      6.644 1   91.87100 0 
      6814     47.000 1     5.3326 1   2.973788     3.3779      8.175 1     0.2625      1.049      0.217   4551.000  37.560000      0.801     46.597 1    30.3941 1    23.9902 1      6.652 1   91.91500 0 
      6829     47.500 1     5.2925 1   2.971716     3.3711      8.173 1     0.2629      1.050      0.203   4573.000  37.070000      0.794     47.093 1    30.4069 1    24.0047 1      6.654 1   91.86200 0 
      6844     48.000 1     5.1977 1   2.966855     3.3621      8.172 1     0.2641      1.051      0.190   4588.200  36.480000      0.800     47.588 1    30.4378 1    24.0393 1      6.650 1   91.61600 0 
      6858     48.500 1     5.0582 1   2.959773     3.3525      8.171 1     0.2656      1.053      0.178   4602.200  35.860000      0.814     48.084 1    30.4844 1    24.0911 1      6.657 1   91.43900 0 
      6872     49.000 1     4.8637 1   2.950084     3.3435      8.170 1     0.2679      1.056      0.166   4614.900  35.330000      0.832     48.580 1    30.5519 1    24.1648 1      6.669 1   91.22200 0 
      6886     49.500 1     4.6938 1   2.941748     3.3344      8.168 1     0.2673      1.057      0.155   4624.900  34.900000      0.849     49.075 1    30.6126 1    24.2303 1      6.661 1   90.77200 0 
      6900     50.000 1     4.5521 1   2.934840     3.3242      8.165 1     0.2594      1.058      0.144   4630.600  34.430000      0.857     49.571 1    30.6640 1    24.2853 1      6.635 1   90.14700 0 
      6914     50.500 1     4.3897 1   2.927052     3.3141      8.163 1     0.2548      1.059      0.132   4632.900  33.940000      0.855     50.067 1    30.7246 1    24.3494 1      6.613 1   89.52200 0 
      6929     51.000 1     4.1995 1   2.918111     3.3051      8.160 1     0.2535      1.062      0.121   4633.800  33.450000      0.847     50.562 1    30.7981 1    24.4263 1      6.612 1   89.14600 0 
      6943     51.500 1     4.0646 1   2.911786     3.2958      8.156 1     0.2536      1.068      0.110   4634.400  32.910000      0.835     51.058 1    30.8507 1    24.4809 1      6.644 1   89.30900 0 
      6958     52.000 1     3.9506 1   2.906231     3.2848      8.153 1     0.2536      1.077      0.098   4635.000  32.370000      0.821     51.554 1    30.8928 1    24.5250 1      6.688 1   89.68400 0 
      6974     52.500 1     3.7895 1   2.898293     3.2710      8.150 1     0.2525      1.085      0.087   4634.900  31.850000      0.800     52.049 1    30.9516 1    24.5866 1      6.720 1   89.78600 0 
      6990     53.000 1     3.5629 1   2.886963     3.2555      8.147 1     0.2475      1.094      0.080   4634.300  31.330000      0.773     52.545 1    31.0330 1    24.6717 1      6.730 1   89.47300 0 
      7006     53.500 1     3.2867 1   2.873304     3.2421      8.144 1     0.2379      1.104      0.071   4633.500  30.700000      0.746     53.040 1    31.1346 1    24.7767 1      6.733 1   88.96400 0 
      7022     54.000 1     3.0625 1   2.862321     3.2327      8.140 1     0.2343      1.101      0.061   4632.500  29.970000      0.737     53.536 1    31.2190 1    24.8628 1      6.731 1   88.50300 0 
      7037     54.500 1     2.9460 1   2.856561     3.2265      8.136 1     0.2309      1.096      0.052   4632.300  29.580000      0.755     54.032 1    31.2622 1    24.9068 1      6.729 1   88.23800 0 
      7051     55.000 1     2.9000 1   2.854281     3.2218      8.132 1     0.2247      1.095      0.044   4632.700  29.270000      0.793     54.527 1    31.2792 1    24.9241 1      6.728 1   88.13600 0 
      7065     55.500 1     2.8706 1   2.852880     3.2181      8.128 1     0.2182      1.097      0.037   4633.300  28.920000      0.839     55.023 1    31.2906 1    24.9355 1      6.729 1   88.08700 0 
      7078     56.000 1     2.8499 1   2.851953     3.2149      8.125 1     0.2089      1.105      0.032   4633.400  28.520000      0.884     55.519 1    31.2992 1    24.9441 1      6.730 1   88.07100 0 
      7090     56.500 1     2.8379 1   2.851465     3.2119      8.122 1     0.2040      1.114      0.027   4632.900  28.060000      0.917     56.014 1    31.3048 1    24.9495 1      6.730 1   88.04000 0 
      7104     57.000 1     2.8311 1   2.851226     3.2091      8.120 1     0.2030      1.124      0.022   4632.200  27.510000      0.928     56.510 1    31.3083 1    24.9528 1      6.726 1   87.97700 0 
      7117     57.500 1     2.8253 1   2.851065     3.2065      8.118 1     0.2024      1.133      0.019   4632.000  26.940000      0.913     57.006 1    31.3116 1    24.9560 1      6.722 1   87.91100 0 
      7132     58.000 1     2.8130 1   2.850640     3.2042      8.117 1     0.2010      1.140      0.015   4631.900  26.380000      0.870     57.501 1    31.3183 1    24.9623 1      6.717 1   87.83300 0 
      7148     58.500 1     2.7971 1   2.850080     3.2023      8.115 1     0.1967      1.133      0.012   4631.800  25.840000      0.812     57.997 1    31.3268 1    24.9704 1      6.715 1   87.76700 0 
      7164     59.000 1     2.7862 1   2.849740     3.2004      8.113 1     0.1923      1.119      0.009   4631.400  25.290000      0.764     58.492 1    31.3330 1    24.9762 1      6.713 1   87.72000 0 
      7181     59.500 1     2.7725 1   2.849274     3.1982      8.112 1     0.1944      1.110      0.005   4630.500  24.740000      0.739     58.988 1    31.3405 1    24.9832 1      6.708 1   87.63900 0 
      7197     60.000 1     2.7645 1   2.849034     3.1959      8.110 1     0.1969      1.107      0.003   4630.000  24.220000      0.737     59.484 1    31.3451 1    24.9876 1      6.699 1   87.49800 0 
      7212     60.500 1     2.7600 1   2.848983     3.1937      8.109 1     0.1983      1.107      0.001   4629.900  23.710000      0.753     59.979 1    31.3486 1    24.9907 1      6.688 1   87.35400 0 
      7226     61.000 1     2.7535 1   2.848845     3.1920      8.108 1     0.1991      1.111      0.000   4629.900  23.230000      0.785     60.475 1    31.3530 1    24.9947 1      6.680 1   87.23500 0 
      7240     61.500 1     2.7425 1   2.848491     3.1904      8.107 1     0.1981      1.115      0.000   4630.000  22.770000      0.826     60.971 1    31.3592 1    25.0006 1      6.675 1   87.15000 0 
      7253     62.000 1     2.7362 1   2.848311     3.1886      8.105 1     0.1936      1.113      0.000   4630.500  22.320000      0.865     61.466 1    31.3629 1    25.0040 1      6.674 1   87.12200 0 
      7266     62.500 1     2.7292 1   2.848097     3.1864      8.104 1     0.1895      1.110      0.000   4631.300  21.820000      0.895     61.962 1    31.3669 1    25.0078 1      6.675 1   87.12100 0 
      7280     63.000 1     2.7147 1   2.847575     3.1837      8.103 1     0.1885      1.105      0.000   4632.400  21.300000      0.908     62.457 1    31.3746 1    25.0150 1      6.673 1   87.06800 0 
      7293     63.500 1     2.6869 1   2.846497     3.1807      8.102 1     0.1884      1.103      0.000   4633.400  20.780000      0.903     62.953 1    31.3884 1    25.0282 1      6.669 1   86.96600 0 
      7308     64.000 1     2.6492 1   2.844912     3.1770      8.101 1     0.1887      1.103      0.000   4633.900  20.280000      0.879     63.449 1    31.4058 1    25.0451 1      6.667 1   86.86200 0 
      7323     64.500 1     2.5959 1   2.842517     3.1732      8.100 1     0.1900      1.099      0.000   4634.100  19.730000      0.837     63.944 1    31.4286 1    25.0675 1      6.670 1   86.80200 0 
      7340     65.000 1     2.5409 1   2.839924     3.1691      8.099 1     0.1914      1.092      0.000   4633.100  19.110000      0.780     64.440 1    31.4508 1    25.0894 1      6.679 1   86.81200 0 
      7357     65.500 1     2.4952 1   2.837852     3.1648      8.097 1     0.1864      1.090      0.000   4631.000  18.500000      0.725     64.936 1    31.4702 1    25.1085 1      6.681 1   86.75500 0 
      7373     66.000 1     2.4554 1   2.836025     3.1605      8.096 1     0.1822      1.092      0.000   4629.200  18.050000      0.707     65.431 1    31.4868 1    25.1247 1      6.677 1   86.63100 0 
      7388     66.500 1     2.4187 1   2.834092     3.1569      8.095 1     0.1812      1.096      0.000   4628.500  17.650000      0.737     65.927 1    31.4991 1    25.1373 1      6.675 1   86.52900 0 
      7402     67.000 1     2.3832 1   2.832074     3.1543      8.094 1     0.1810      1.094      0.000   4628.900  17.270000      0.796     66.422 1    31.5092 1    25.1480 1      6.675 1   86.45400 0 
      7415     67.500 1     2.3638 1   2.831124     3.1526      8.093 1     0.1813      1.090      0.000   4630.200  16.840000      0.859     66.918 1    31.5164 1    25.1552 1      6.675 1   86.41800 0 
      7428     68.000 1     2.3575 1   2.831009     3.1508      8.091 1     0.1824      1.096      0.000   4631.400  16.320000      0.904     67.414 1    31.5210 1    25.1594 1      6.674 1   86.39300 0 
      7441     68.500 1     2.3494 1   2.830608     3.1491      8.090 1     0.1821      1.105      0.000   4631.600  15.760000      0.916     67.909 1    31.5238 1    25.1622 1      6.673 1   86.36400 0 
      7456     69.000 1     2.3358 1   2.829724     3.1471      8.089 1     0.1733      1.107      0.000   4629.700  15.200000      0.883     68.405 1    31.5262 1    25.1652 1      6.676 1   86.36900 0 
      7473     69.500 1     2.3169 1   2.828592     3.1450      8.088 1     0.1652      1.104      0.000   4625.500  14.650000      0.810     68.900 1    31.5307 1    25.1702 1      6.678 1   86.37000 0 
      7490     70.000 1     2.2897 1   2.827219     3.1430      8.086 1     0.1669      1.100      0.000   4619.500  14.100000      0.734     69.396 1    31.5405 1    25.1800 1      6.677 1   86.30000 0 
      7507     70.500 1     2.2617 1   2.825898     3.1408      8.085 1     0.1729      1.093      0.000   4611.800  13.540000      0.700     69.892 1    31.5517 1    25.1910 1      6.671 1   86.16000 0 
      7523     71.000 1     2.2326 1   2.824561     3.1387      8.085 1     0.1787      1.088      0.000   4601.800  13.030000      0.714     70.387 1    31.5639 1    25.2029 1      6.663 1   86.00000 0 
      7538     71.500 1     2.2139 1   2.823786     3.1372      8.085 1     0.1794      1.092      0.000   4591.300  12.580000      0.753     70.883 1    31.5726 1    25.2113 1      6.660 1   85.92900 0 
      7552     72.000 1     2.2084 1   2.823746     3.1360      8.084 1     0.1779      1.098      0.000   4580.000  12.140000      0.798     71.378 1    31.5774 1    25.2155 1      6.662 1   85.95400 0 
      7566     72.500 1     2.2095 1   2.824092     3.1348      8.083 1     0.1743      1.105      0.000   4567.600  11.680000      0.829     71.874 1    31.5802 1    25.2177 1      6.664 1   85.98400 0 
      7582     73.000 1     2.2105 1   2.824425     3.1330      8.081 1     0.1705      1.104      0.000   4557.500  11.210000      0.814     72.370 1    31.5831 1    25.2199 1      6.660 1   85.93500 0 
      7601     73.500 1     2.2009 1   2.823982     3.1305      8.080 1     0.1673      1.100      0.000   4558.600  10.670000      0.731     72.865 1    31.5869 1    25.2236 1      6.650 1   85.78900 0 
      7623     74.000 1     2.1772 1   2.822774     3.1281      8.079 1     0.1666      1.105      0.000   4580.000  10.030000      0.608     73.361 1    31.5953 1    25.2321 1      6.644 1   85.65700 0 
      7650     74.500 1     2.1655 1   2.822551     3.1258      8.077 1     0.1697      1.113      0.000   4608.500   9.320000      0.486     73.856 1    31.6039 1    25.2398 1      6.643 1   85.62500 0 
      7681     75.000 1     2.1468 1   2.821682     3.1219      8.076 1     0.1720      1.096      0.000   4622.000   8.430000      0.385     74.352 1    31.6115 1    25.2473 1      6.639 1   85.53600 0 
      7704     75.500 1     2.1121 1   2.819674     3.1185      8.075 1     0.1659      1.099      0.000   4626.300   8.140000      0.447     74.848 1    31.6210 1    25.2573 1      6.652 1   85.63100 0 
      7725     76.000 1     2.0901 1   2.818446     3.1158      8.073 1     0.1713      1.109      0.000   4632.400   7.810000      0.546     75.343 1    31.6275 1    25.2641 1      6.659 1   85.68600 0 
      7746     76.500 1     2.0593 1   2.816828     3.1127      8.072 1     0.1728      1.106      0.000   4636.700   7.360000      0.575     75.839 1    31.6379 1    25.2747 1      6.659 1   85.62400 0 
      7768     77.000 1     1.9972 1   2.813685     3.1101      8.072 1     0.1725      1.097      0.000   4639.100   6.870000      0.562     76.334 1    31.6607 1    25.2973 1      6.660 1   85.50900 0 
      7793     77.500 1     1.9643 1   2.812074     3.1085      8.071 1     0.1688      1.090      0.000   4640.400   6.350000      0.512     76.830 1    31.6733 1    25.3097 1      6.664 1   85.49900 0 
      7822     78.000 1     1.9467 1   2.811240     3.1069      8.069 1     0.1675      1.095      0.000   4639.800   5.810000      0.439     77.326 1    31.6803 1    25.3165 1      6.667 1   85.50000 0 
      7853     78.500 1     1.9330 1   2.810584     3.1055      8.067 1     0.1686      1.098      0.000   4639.100   5.290000      0.394     77.821 1    31.6856 1    25.3217 1      6.667 1   85.48400 0 
      8495     79.000 1     1.9339 1   2.810702     3.1030      8.058 1     0.1679      1.112      0.000   4476.500   4.570000      0.016     78.317 1    31.6860 1    25.3219 1      6.660 1   85.39400 0 
      9963     79.500 1     1.9184 1   2.809768     3.1002      8.046 1     0.1575      1.116      0.000   4651.500   4.080000      0.027     78.812 1    31.6896 1    25.3259 1      6.656 1   85.31100 0 
